%YAML:1.0
---
galvo:
   alpha: 4.4993653649503436e+01
   beta: 5.2497953837066774e+01
   e: 1.4612000000000000e+01
   ka1: -2.2559341955019896e-01
   ka2: 7.7773364935287775e-06
   ka3: 1.0492241945006212e-06
   ka4: 0.
   ka5: -1.3881547880149753e-04
   ka6: 3.5118566907388647e-06
   ka7: 2.1913907535086635e-07
   ka8: 0.
   kb1: 2.2790894595840230e-01
   kb2: -2.3271547398743407e-05
   kb3: -1.0217556757221178e-06
   kb4: 0.
   kb5: -1.7461527785306271e-05
   kb6: 1.4587550756870069e-06
   kb7: 4.1923766483679930e-08
   kb8: 0.
