%YAML:1.0
---
galvo:
   alpha: 45.
   beta: 52.5
   e: 1.4612000000000000e+01
   ka1: -2.2560656486734257e-01
   ka2: 0.
   ka3: 0.
   ka4: 0.
   ka5: 0.
   ka6: 0.
   ka7: 0.
   ka8: 0.
   kb1: 2.2153169690059307e-01
   kb2: 0.
   kb3: 0.
   kb4: 0.
   kb5: 0.
   kb6: 0.
   kb7: 0.
   kb8: 0.
